log(age/yr)	M_ini   	M_act	logL/Lo	logTe	logG	Mbol 	Mu 	Mb 	Mv 	Mr 	Mi 	Mj 	Mh 	Mk 	Flum
	9.00	0.15000001	0.1500	-2.3804	3.5631	5.1928	10.721	14.786	13.548	12.061	11.071	10.044	9.014	8.187	7.963	-9.59274740
	9.00	0.20000000	0.2000	-2.0942	3.5868	5.1264	10.005	13.686	12.474	11.075	10.164	9.315	8.393	7.607	7.399	-6.50542581
	9.00	0.25000000	0.2500	-1.9051	3.5983	5.0802	9.533	13.034	11.858	10.513	9.640	8.882	7.960	7.248	7.067	-4.81334753
	9.00	0.30000001	0.3000	-1.7580	3.6066	5.0455	9.165	12.525	11.380	10.080	9.238	8.524	7.622	6.934	6.773	-3.76315853
	9.00	0.34999999	0.3500	-1.6372	3.6132	5.0180	8.863	12.103	10.987	9.724	8.910	8.218	7.343	6.657	6.512	-3.05614800
	9.00	0.40000001	0.4000	-1.4898	3.6185	4.9498	8.494	11.646	10.550	9.316	8.523	7.849	6.993	6.301	6.171	-2.55202682
	9.00	0.44999999	0.4500	-1.3767	3.6251	4.9145	8.212	11.265	10.188	8.985	8.215	7.562	6.725	6.028	5.914	-2.17685426
	9.00	0.50000000	0.5000	-1.2593	3.6330	4.8742	7.918	10.840	9.798	8.634	7.892	7.265	6.448	5.757	5.656	-1.88823797
	9.00	0.60000002	0.6000	-1.0003	3.6515	4.7686	7.271	9.853	8.915	7.847	7.176	6.607	5.838	5.185	5.099	-1.47625717
	9.00	0.69999999	0.7000	-0.7168	3.6792	4.6627	6.562	8.595	7.895	6.953	6.383	5.888	5.209	4.636	4.567	-1.19890256
	9.00	0.75860721	0.7586	-0.5505	3.7061	4.6389	6.146	7.698	7.239	6.396	5.901	5.464	4.878	4.391	4.334	-1.07558151
	9.00	0.80000001	0.8000	-0.4396	3.7240	4.6226	5.869	7.129	6.822	6.047	5.597	5.191	4.665	4.233	4.184	-1.00113983
	9.00	0.89999998	0.8999	-0.1913	3.7582	4.5623	5.248	6.062	5.989	5.342	4.959	4.606	4.189	3.837	3.797	-0.85396262
	9.00	0.94647366	0.9464	-0.0841	3.7713	4.5292	4.980	5.658	5.654	5.058	4.703	4.365	3.986	3.667	3.627	-0.79784718
	9.00	1.00000000	0.9999	0.0339	3.7854	4.4915	4.685	5.238	5.288	4.747	4.419	4.102	3.758	3.475	3.434	-0.74074074
	9.00	1.06169462	1.0615	0.1652	3.7997	4.4433	4.357	4.808	4.894	4.405	4.101	3.808	3.497	3.244	3.204	-0.68322972
	9.00	1.10000002	1.0998	0.2431	3.8079	4.4138	4.162	4.566	4.668	4.204	3.915	3.637	3.345	3.107	3.068	-0.65130752
	9.00	1.14902472	1.1487	0.3389	3.8183	4.3787	3.923	4.274	4.388	3.957	3.687	3.424	3.158	2.940	2.905	-0.61407523
	9.00	1.19328487	1.1929	0.4213	3.8272	4.3483	3.717	4.030	4.147	3.745	3.491	3.242	2.998	2.797	2.767	-0.58352793
	9.00	1.20000005	1.1996	0.4334	3.8286	4.3438	3.686	3.995	4.112	3.714	3.463	3.215	2.974	2.776	2.746	-0.57912395
	9.00	1.23223150	1.2318	0.4916	3.8360	4.3267	3.541	3.825	3.944	3.566	3.329	3.093	2.869	2.685	2.655	-0.55876812
	9.00	1.28767192	1.2871	0.5878	3.8480	4.2977	3.300	3.547	3.664	3.320	3.105	2.890	2.691	2.530	2.502	-0.52653734
	9.00	1.29999995	1.2994	0.6084	3.8505	4.2914	3.249	3.490	3.604	3.267	3.056	2.846	2.652	2.496	2.469	-0.51980772
	9.00	1.32071209	1.3201	0.6419	3.8562	4.2875	3.165	3.393	3.501	3.179	2.977	2.779	2.596	2.450	2.427	-0.50883295
	9.00	1.36094916	1.3603	0.7049	3.8665	4.2787	3.008	3.216	3.306	3.015	2.832	2.654	2.490	2.363	2.343	-0.48862948
	9.00	1.39999998	1.3992	0.7641	3.8756	4.2684	2.860	3.054	3.124	2.860	2.697	2.537	2.389	2.279	2.260	-0.47031994
	9.00	1.42583501	1.4250	0.8023	3.8821	4.2641	2.764	2.958	3.006	2.762	2.617	2.469	2.335	2.232	2.217	-0.45885209
	9.00	1.50000000	1.4990	0.9074	3.8974	4.2419	2.502	2.706	2.695	2.496	2.389	2.276	2.167	2.087	2.077	-0.42849231
	9.00	1.56474555	1.5635	0.9968	3.9068	4.2084	2.278	2.482	2.444	2.274	2.188	2.096	2.002	1.938	1.928	-0.40473168
	9.00	1.60000002	1.5987	1.0451	3.9105	4.1847	2.157	2.356	2.312	2.156	2.079	1.994	1.905	1.847	1.837	-0.39273920
	9.00	1.64174736	1.6403	1.1014	3.9147	4.1563	2.017	2.209	2.158	2.018	1.952	1.874	1.792	1.740	1.730	-0.37931734
	9.00	1.70000005	1.6982	1.1802	3.9182	4.1067	1.819	2.008	1.950	1.825	1.766	1.695	1.619	1.572	1.563	-0.36187632
	9.00	1.71111190	1.7095	1.1950	3.9188	4.0969	1.782	1.971	1.911	1.789	1.731	1.661	1.586	1.540	1.530	-0.35870743
	9.00	1.76714289	1.7664	1.2696	3.9188	4.0365	1.596	1.784	1.718	1.601	1.544	1.477	1.402	1.356	1.346	-0.34343890
	9.00	1.79999995	1.8000	1.3132	3.9167	3.9928	1.487	1.676	1.606	1.488	1.429	1.360	1.281	1.232	1.222	-0.33500274
	9.00	1.81493711	1.8146	1.3329	3.9157	3.9725	1.438	1.627	1.555	1.436	1.376	1.306	1.225	1.175	1.165	-0.33128601
	9.00	1.85659599	1.8550	1.3874	3.9097	3.9038	1.302	1.498	1.425	1.289	1.217	1.139	1.049	0.991	0.981	-0.32129039
	9.00	1.89252388	1.8896	1.4334	3.9011	3.8314	1.186	1.395	1.321	1.163	1.076	0.983	0.879	0.810	0.799	-0.31308365
	9.00	1.89999998	1.8968	1.4427	3.8985	3.8134	1.163	1.375	1.302	1.138	1.048	0.950	0.841	0.769	0.757	-0.31142170
	9.00	1.92361009	1.9202	1.4717	3.8896	3.7541	1.091	1.315	1.245	1.061	0.957	0.843	0.719	0.635	0.620	-0.30627265
	9.00	1.94991934	1.9461	1.5033	3.8768	3.6769	1.012	1.247	1.206	0.982	0.846	0.712	0.560	0.459	0.439	-0.30070715
	9.00	1.96171808	1.9578	1.5177	3.8703	3.6394	0.976	1.223	1.189	0.947	0.800	0.654	0.488	0.376	0.356	-0.29826811
	9.00	1.97267294	1.9686	1.5330	3.8652	3.6058	0.937	1.197	1.164	0.910	0.754	0.599	0.423	0.301	0.281	-0.29603418
	9.00	1.98039675	1.9762	1.5473	3.8640	3.5884	0.902	1.165	1.130	0.874	0.717	0.560	0.381	0.257	0.237	-0.29447658
	9.00	1.98459506	1.9803	1.5595	3.8665	3.5872	0.871	1.130	1.091	0.842	0.690	0.538	0.364	0.245	0.225	-0.29363590
	9.00	1.98821747	1.9839	1.5781	3.8748	3.6027	0.825	1.067	1.018	0.791	0.655	0.520	0.362	0.259	0.239	-0.29291390
	9.00	1.99061728	1.9862	1.6116	3.8944	3.6480	0.741	0.959	0.871	0.710	0.617	0.513	0.399	0.324	0.309	-0.29243729
	9.00	1.99128366	1.9869	1.6436	3.9110	3.6827	0.661	0.848	0.754	0.643	0.580	0.507	0.419	0.368	0.358	-0.29230518
	9.00	1.99164951	1.9872	1.6832	3.9287	3.7137	0.562	0.725	0.644	0.576	0.541	0.491	0.436	0.405	0.395	-0.29223269
	9.00	1.99170995	1.9873	1.6663	3.9257	3.7186	0.604	0.771	0.687	0.612	0.573	0.519	0.458	0.424	0.414	-0.29222072
	9.00	1.99181533	1.9874	1.6244	3.9107	3.7005	0.709	0.898	0.805	0.691	0.627	0.553	0.464	0.412	0.402	-0.29219985
	9.00	1.99196172	1.9875	1.6305	3.8931	3.6242	0.694	0.914	0.825	0.661	0.566	0.461	0.345	0.268	0.253	-0.29217086
	9.00	1.99217832	1.9877	1.6482	3.8751	3.5346	0.649	0.897	0.833	0.611	0.480	0.348	0.189	0.089	0.069	-0.29212798
	9.00	1.99241829	1.9880	1.6545	3.8595	3.4659	0.634	0.914	0.863	0.602	0.441	0.280	0.091	-0.040	-0.061	-0.29208048
	9.00	1.99261701	1.9882	1.6551	3.8485	3.4215	0.632	0.925	0.919	0.613	0.419	0.224	0.025	-0.127	-0.153	-0.29204115
	9.00	1.99296653	1.9885	1.6522	3.8317	3.3571	0.640	0.975	0.996	0.632	0.398	0.169	-0.065	-0.241	-0.271	-0.29197201
	9.00	1.99355781	1.9891	1.6409	3.8090	3.2778	0.668	1.109	1.123	0.683	0.405	0.134	-0.152	-0.370	-0.410	-0.29185511
	9.00	1.99424362	1.9898	1.6181	3.7900	3.2246	0.725	1.281	1.269	0.762	0.446	0.146	-0.188	-0.446	-0.486	-0.29171962
	9.00	1.99496198	1.9905	1.5789	3.7732	3.1969	0.823	1.503	1.456	0.885	0.537	0.209	-0.166	-0.462	-0.505	-0.29157782
	9.00	1.99549425	1.9910	1.5356	3.7609	3.1909	0.931	1.720	1.639	1.013	0.645	0.296	-0.115	-0.443	-0.492	-0.29147283
	9.00	1.99600911	1.9915	1.4806	3.7484	3.1963	1.068	1.992	1.852	1.176	0.782	0.415	-0.031	-0.390	-0.440	-0.29137134
	9.00	1.99651194	1.9920	1.4371	3.7365	3.1921	1.177	2.241	2.037	1.312	0.895	0.508	0.027	-0.362	-0.414	-0.29127228
	9.00	1.99684680	1.9923	1.4229	3.7288	3.1757	1.213	2.382	2.130	1.370	0.938	0.535	0.032	-0.378	-0.432	-0.29120634
	9.00	1.99772668	1.9932	1.4848	3.7164	3.0645	1.058	2.404	2.068	1.253	0.794	0.369	-0.174	-0.616	-0.675	-0.29103320
	9.00	1.99830306	1.9937	1.5438	3.7109	2.9834	0.910	2.345	1.965	1.125	0.653	0.220	-0.344	-0.800	-0.860	-0.29091988
	9.00	1.99892211	1.9943	1.6102	3.7058	2.8966	0.744	2.267	1.843	0.979	0.495	0.054	-0.530	-0.998	-1.058	-0.29079826
	9.00	1.99949086	1.9949	1.6735	3.7017	2.8173	0.586	2.178	1.721	0.836	0.342	-0.104	-0.703	-1.182	-1.242	-0.29068660
	9.00	2.00000000	1.9953	1.7326	3.6987	2.7461	0.438	2.085	1.602	0.700	0.199	-0.251	-0.863	-1.349	-1.409	-0.29058670
	9.00	2.00017738	1.9955	1.7523	3.6977	2.7225	0.389	2.055	1.562	0.655	0.152	-0.300	-0.915	-1.404	-1.464	-0.29055191
	9.00	2.00082803	1.9961	1.8231	3.6934	2.6347	0.212	1.963	1.429	0.499	-0.014	-0.474	-1.107	-1.610	-1.670	-0.29042437
	9.00	2.00141168	1.9967	1.8862	3.6895	2.5561	0.054	1.883	1.309	0.358	-0.163	-0.631	-1.280	-1.795	-1.855	-0.29031004
	9.00	2.00203753	1.9972	1.9544	3.6853	2.4712	-0.116	1.796	1.179	0.206	-0.325	-0.800	-1.466	-1.995	-2.056	-0.29018753
	9.00	2.00261831	1.9977	2.0179	3.6829	2.3983	-0.275	1.689	1.045	0.058	-0.479	-0.959	-1.634	-2.171	-2.232	-0.29007392
	9.00	2.00319815	1.9982	2.0828	3.6789	2.3176	-0.437	1.610	0.923	-0.086	-0.632	-1.121	-1.810	-2.360	-2.423	-0.28996058
	9.00	2.00375485	1.9986	2.1466	3.6745	2.2363	-0.596	1.545	0.810	-0.221	-0.777	-1.278	-1.983	-2.546	-2.612	-0.28985182
	9.00	2.00428176	1.9990	2.2085	3.6705	2.1582	-0.751	1.483	0.702	-0.351	-0.917	-1.428	-2.148	-2.724	-2.793	-0.28974896
	9.00	2.00476456	1.9993	2.2666	3.6664	2.0839	-0.896	1.432	0.604	-0.470	-1.047	-1.568	-2.303	-2.894	-2.963	-0.28965476
	9.00	2.00523925	1.9995	2.3262	3.6623	2.0081	-1.045	1.379	0.503	-0.594	-1.180	-1.711	-2.462	-3.067	-3.137	-0.28956220
	9.00	2.00570583	1.9997	2.3838	3.6578	1.9322	-1.190	1.346	0.413	-0.710	-1.308	-1.850	-2.619	-3.240	-3.310	-0.28947127
	9.00	2.00621486	1.9999	2.4421	3.6532	1.8557	-1.335	1.313	0.322	-0.829	-1.439	-1.991	-2.778	-3.414	-3.484	-0.28937212
	9.00	2.00696564	2.0000	2.4922	3.6497	1.7917	-1.460	1.282	0.242	-0.929	-1.550	-2.112	-2.911	-3.560	-3.633	-0.28922599
	9.00	2.00723577	2.0000	2.4250	3.6548	1.8791	-1.293	1.317	0.345	-0.796	-1.401	-1.950	-2.731	-3.361	-3.431	-0.28917345
	9.00	2.00724339	2.0000	2.2735	3.6666	2.0780	-0.914	1.411	0.585	-0.489	-1.065	-1.586	-2.320	-2.910	-2.979	-0.28917196
	9.00	2.00724411	2.0000	2.3514	3.6607	1.9762	-1.109	1.357	0.460	-0.647	-1.238	-1.772	-2.530	-3.141	-3.211	-0.28917182
	9.00	2.00725079	2.0000	2.2162	3.6709	2.1523	-0.771	1.457	0.679	-0.372	-0.938	-1.448	-2.166	-2.741	-2.810	-0.28917052
	9.00	2.00725842	2.0000	2.1565	3.6747	2.2274	-0.621	1.518	0.784	-0.247	-0.803	-1.303	-2.007	-2.570	-2.636	-0.28916904
	9.00	2.00727344	2.0001	2.0980	3.6790	2.3029	-0.475	1.572	0.884	-0.124	-0.670	-1.160	-1.848	-2.397	-2.461	-0.28916612
	9.00	2.00728846	2.0001	2.0400	3.6827	2.3760	-0.330	1.640	0.992	0.003	-0.534	-1.015	-1.690	-2.227	-2.289	-0.28916320
	9.00	2.00733352	2.0001	1.9572	3.6866	2.4744	-0.123	1.765	1.160	0.193	-0.335	-0.808	-1.468	-1.993	-2.053	-0.28915443
	9.00	2.00740123	2.0002	1.8884	3.6912	2.5615	0.049	1.846	1.288	0.345	-0.173	-0.637	-1.279	-1.788	-1.848	-0.28914127
	9.00	2.00750685	2.0003	1.8269	3.6954	2.6398	0.203	1.916	1.400	0.479	-0.029	-0.485	-1.110	-1.605	-1.666	-0.28912073
	9.00	2.00773311	2.0005	1.7542	3.6997	2.7297	0.384	2.015	1.539	0.642	0.143	-0.306	-0.913	-1.396	-1.456	-0.28907675
	9.00	2.00881886	2.0015	1.6886	3.7038	2.8121	0.548	2.107	1.666	0.790	0.302	-0.142	-0.733	-1.205	-1.265	-0.28886584
	9.00	2.01043487	2.0031	1.6217	3.7085	2.8979	0.716	2.195	1.792	0.940	0.462	0.026	-0.548	-1.009	-1.069	-0.28855242
	9.00	2.01213169	2.0047	1.5934	3.7112	2.9376	0.787	2.219	1.839	1.000	0.529	0.097	-0.467	-0.921	-0.981	-0.28822397
	9.00	2.07247591	2.0629	1.6811	3.7136	2.8717	0.567	1.969	1.603	0.772	0.306	-0.123	-0.677	-1.123	-1.183	-0.27695258
	9.00	2.10608864	2.0951	1.7415	3.7144	2.8215	0.416	1.808	1.446	0.618	0.154	-0.274	-0.825	-1.267	-1.327	-0.27100217
	9.00	2.14716458	2.1341	1.8250	3.7131	2.7406	0.208	1.627	1.250	0.414	-0.053	-0.482	-1.039	-1.483	-1.543	-0.26402681
	9.00	2.17079306	2.1561	1.8955	3.7073	2.6515	0.031	1.548	1.125	0.259	-0.221	-0.659	-1.237	-1.696	-1.756	-0.26015451
	9.00	2.17590213	2.1608	1.9407	3.7023	2.5872	-0.082	1.519	1.057	0.166	-0.326	-0.772	-1.369	-1.841	-1.901	-0.25933020
	9.00	2.17738152	2.1621	1.9965	3.6974	2.5118	-0.221	1.468	0.963	0.046	-0.457	-0.910	-1.527	-2.013	-2.073	-0.25909236
	9.00	2.17776084	2.1625	2.0544	3.6925	2.4344	-0.366	1.420	0.865	-0.077	-0.592	-1.054	-1.691	-2.194	-2.254	-0.25903144
	9.00	2.17789459	2.1626	2.1091	3.6888	2.3650	-0.503	1.358	0.764	-0.198	-0.721	-1.191	-1.841	-2.357	-2.419	-0.25900997
	9.00	2.17797565	2.1627	2.1742	3.6842	2.2817	-0.666	1.288	0.646	-0.340	-0.873	-1.353	-2.021	-2.551	-2.614	-0.25899695
	9.00	2.17805004	2.1627	2.2399	3.6796	2.1976	-0.830	1.218	0.528	-0.483	-1.027	-1.517	-2.201	-2.746	-2.811	-0.25898501
	9.00	2.17854285	2.1631	2.2199	3.6813	2.2242	-0.780	1.235	0.562	-0.440	-0.980	-1.467	-2.145	-2.685	-2.750	-0.25890592
	9.00	2.18257213	2.1660	2.2371	3.6802	2.2033	-0.823	1.214	0.529	-0.478	-1.021	-1.510	-2.192	-2.735	-2.800	-0.25826087
	9.00	2.18419099	2.1671	2.3124	3.6749	2.1072	-1.011	1.139	0.397	-0.638	-1.193	-1.696	-2.396	-2.956	-3.024	-0.25800250
	9.00	2.18518901	2.1677	2.3937	3.6684	2.0001	-1.214	1.084	0.268	-0.801	-1.372	-1.890	-2.616	-3.198	-3.268	-0.25784343
	9.00	2.18583608	2.1680	2.4619	3.6631	1.9106	-1.385	1.044	0.161	-0.939	-1.524	-2.054	-2.801	-3.402	-3.471	-0.25774039
	9.00	2.18639565	2.1681	2.5319	3.6569	1.8157	-1.560	1.019	0.059	-1.077	-1.678	-2.223	-2.994	-3.616	-3.685	-0.25765135
	9.00	2.18680024	2.1681	2.5936	3.6516	1.7329	-1.714	0.997	-0.031	-1.199	-1.813	-2.372	-3.162	-3.802	-3.874	-0.25758699
	9.00	2.18713713	2.1680	2.6595	3.6471	1.6491	-1.879	0.957	-0.136	-1.330	-1.958	-2.529	-3.337	-3.994	-4.069	-0.25753343
	9.00	2.18738651	2.1679	2.7248	3.6427	1.5659	-2.042	0.920	-0.238	-1.458	-2.102	-2.685	-3.511	-4.184	-4.262	-0.25749379
	9.00	2.18760228	2.1676	2.7994	3.6372	1.4692	-2.228	0.892	-0.349	-1.602	-2.263	-2.860	-3.711	-4.403	-4.486	-0.25745951
	9.00	2.18779087	2.1673	2.8749	3.6313	1.3704	-2.417	0.881	-0.454	-1.744	-2.423	-3.035	-3.913	-4.627	-4.715	-0.25742955
	9.00	2.18796611	2.1668	2.9445	3.6255	1.2773	-2.591	0.889	-0.536	-1.866	-2.565	-3.193	-4.099	-4.837	-4.929	-0.25740171
	9.00	2.18813467	2.1662	3.0116	3.6194	1.1856	-2.759	0.909	-0.600	-1.971	-2.694	-3.339	-4.276	-5.042	-5.139	-0.25737495
	9.00	2.18830991	2.1653	3.0756	3.6146	1.1023	-2.919	0.896	-0.676	-2.081	-2.822	-3.482	-4.443	-5.231	-5.332	-0.25734712
	9.00	2.18849158	2.1640	3.1490	3.6091	1.0068	-3.103	0.873	-0.763	-2.207	-2.969	-3.647	-4.634	-5.449	-5.553	-0.25731828
	9.00	2.18862653	2.1624	3.3767	3.5902	0.7029	-3.672	0.717	-1.051	-2.579	-3.415	-4.204	-5.256	-6.117	-6.248	-0.25729686
	9.00	2.18865347	2.1618	3.4085	3.5875	0.6602	-3.751	0.684	-1.096	-2.631	-3.476	-4.285	-5.343	-6.211	-6.345	-0.25729259
	9.00	2.18866444	2.1615	3.4208	3.5863	0.6431	-3.782	0.674	-1.112	-2.649	-3.498	-4.316	-5.376	-6.247	-6.383	-0.25729085
	9.00	2.18867540	2.1612	3.4329	3.5851	0.6262	-3.812	0.663	-1.127	-2.667	-3.521	-4.347	-5.409	-6.284	-6.421	-0.25728911
	9.00	2.18868637	2.1609	3.4421	3.5841	0.6129	-3.835	0.657	-1.137	-2.680	-3.536	-4.371	-5.435	-6.312	-6.450	-0.25728737
	9.00	2.18869734	2.1606	3.4460	3.5837	0.6074	-3.845	0.654	-1.142	-2.685	-3.543	-4.381	-5.445	-6.324	-6.463	-0.25728563
	9.00	2.18870831	2.1603	3.4493	3.5834	0.6027	-3.853	0.651	-1.146	-2.690	-3.550	-4.389	-5.455	-6.334	-6.473	-0.25728389
	9.00	2.18871927	2.1600	3.4527	3.5830	0.5979	-3.862	0.648	-1.151	-2.695	-3.556	-4.398	-5.464	-6.344	-6.484	-0.25728214
	9.00	2.18873000	2.1597	3.4560	3.5827	0.5932	-3.870	0.644	-1.155	-2.700	-3.562	-4.406	-5.473	-6.354	-6.494	-0.25728044
	9.00	2.18874049	2.1594	3.4593	3.5824	0.5887	-3.878	0.642	-1.159	-2.705	-3.568	-4.415	-5.482	-6.364	-6.504	-0.25727878
	9.00	2.18875098	2.1590	3.4625	3.5821	0.5841	-3.886	0.638	-1.164	-2.710	-3.574	-4.423	-5.490	-6.374	-6.514	-0.25727711
	9.00	2.18876171	2.1587	3.4658	3.5818	0.5795	-3.895	0.635	-1.168	-2.715	-3.580	-4.431	-5.499	-6.383	-6.525	-0.25727541
	9.00	2.18877220	2.1584	3.4691	3.5815	0.5749	-3.903	0.632	-1.172	-2.720	-3.586	-4.440	-5.508	-6.393	-6.535	-0.25727375
	9.00	2.18878055	2.1581	3.4717	3.5812	0.5712	-3.909	0.630	-1.175	-2.724	-3.590	-4.446	-5.515	-6.401	-6.543	-0.25727242
	9.00	2.18879104	2.1578	3.4749	3.5809	0.5666	-3.917	0.627	-1.180	-2.729	-3.596	-4.455	-5.524	-6.411	-6.553	-0.25727076
	9.00	2.18879938	2.1575	3.4776	3.5806	0.5629	-3.924	0.624	-1.183	-2.733	-3.601	-4.461	-5.531	-6.419	-6.561	-0.25726943
	9.00	2.18881011	2.1572	3.4809	3.5803	0.5583	-3.932	0.621	-1.187	-2.737	-3.607	-4.470	-5.540	-6.429	-6.572	-0.25726773
	9.00	2.18881845	2.1569	3.4835	3.5801	0.5546	-3.939	0.619	-1.191	-2.741	-3.612	-4.476	-5.547	-6.436	-6.580	-0.25726641
	9.00	2.18882871	2.1566	3.4867	3.5797	0.5501	-3.947	0.616	-1.195	-2.746	-3.617	-4.484	-5.556	-6.446	-6.590	-0.25726478
	9.00	2.18883681	2.1563	3.4892	3.5795	0.5465	-3.953	0.613	-1.198	-2.750	-3.622	-4.491	-5.563	-6.454	-6.598	-0.25726349
	9.00	2.18884468	2.1560	3.4917	3.5792	0.5429	-3.959	0.611	-1.202	-2.754	-3.627	-4.497	-5.570	-6.461	-6.606	-0.25726225
	9.00	2.18886113	2.1555	3.4964	3.5788	0.5364	-3.971	0.607	-1.208	-2.761	-3.635	-4.509	-5.582	-6.475	-6.620	-0.25725963
	9.00	2.18890238	2.1540	3.5074	3.5777	0.5208	-3.998	0.596	-1.223	-2.777	-3.655	-4.537	-5.612	-6.508	-6.654	-0.25725309
	9.00	2.18894315	2.1525	3.5183	3.5767	0.5053	-4.026	0.585	-1.237	-2.793	-3.675	-4.565	-5.641	-6.542	-6.689	-0.25724662
	9.00	2.18898392	2.1510	3.5293	3.5756	0.4897	-4.053	0.574	-1.252	-2.810	-3.695	-4.593	-5.670	-6.575	-6.723	-0.25724015
	9.00	2.18902445	2.1493	3.5402	3.5745	0.4742	-4.081	0.563	-1.267	-2.826	-3.714	-4.620	-5.700	-6.608	-6.757	-0.25723372
	9.00	2.18906450	2.1477	3.5512	3.5735	0.4586	-4.108	0.556	-1.275	-2.835	-3.729	-4.646	-5.728	-6.635	-6.790	-0.25722737
	9.00	2.18910456	2.1459	3.5621	3.5724	0.4431	-4.135	0.554	-1.276	-2.838	-3.738	-4.670	-5.757	-6.657	-6.821	-0.25722102
	9.00	2.18914413	2.1441	3.5731	3.5713	0.4275	-4.163	0.552	-1.278	-2.840	-3.747	-4.694	-5.785	-6.678	-6.852	-0.25721474
	9.00	2.18918371	2.1422	3.5840	3.5703	0.4119	-4.190	0.550	-1.279	-2.843	-3.757	-4.718	-5.814	-6.700	-6.884	-0.25720846
	9.00	2.18922281	2.1402	3.5949	3.5692	0.3964	-4.217	0.548	-1.281	-2.845	-3.766	-4.741	-5.842	-6.722	-6.915	-0.25720226
	9.00	2.18926191	2.1382	3.6058	3.5681	0.3808	-4.245	0.546	-1.282	-2.848	-3.775	-4.765	-5.870	-6.743	-6.946	-0.25719606
	9.00	2.18930078	2.1360	3.6167	3.5671	0.3652	-4.272	0.544	-1.283	-2.850	-3.784	-4.789	-5.899	-6.765	-6.977	-0.25718989
	9.00	2.18933916	2.1338	3.6276	3.5660	0.3496	-4.299	0.542	-1.285	-2.853	-3.793	-4.812	-5.927	-6.786	-7.008	-0.25718381
	9.00	2.18937731	2.1315	3.6385	3.5649	0.3339	-4.326	0.539	-1.286	-2.855	-3.802	-4.836	-5.955	-6.808	-7.040	-0.25717776
	9.00	2.18941545	2.1291	3.6494	3.5639	0.3183	-4.354	0.537	-1.287	-2.858	-3.812	-4.860	-5.984	-6.830	-7.071	-0.25717171
	9.00	2.18945336	2.1267	3.6603	3.5628	0.3026	-4.381	0.535	-1.289	-2.860	-3.821	-4.884	-6.012	-6.851	-7.102	-0.25716570
	9.00	2.18949080	2.1241	3.6712	3.5618	0.2870	-4.408	0.533	-1.290	-2.862	-3.830	-4.907	-6.040	-6.873	-7.133	-0.25715976
	9.00	2.18952823	2.1214	3.6822	3.5607	0.2712	-4.435	0.530	-1.292	-2.865	-3.839	-4.931	-6.069	-6.894	-7.164	-0.25715383
	9.00	2.18956518	2.1187	3.6930	3.5596	0.2556	-4.463	0.528	-1.293	-2.867	-3.848	-4.955	-6.097	-6.916	-7.195	-0.25714797
	9.00	2.18960214	2.1158	3.7039	3.5586	0.2398	-4.490	0.525	-1.294	-2.870	-3.857	-4.978	-6.125	-6.937	-7.226	-0.25714211
	9.00	2.18963885	2.1128	3.7148	3.5575	0.2241	-4.517	0.523	-1.295	-2.872	-3.866	-5.002	-6.153	-6.959	-7.257	-0.25713629
	9.00	2.18967509	2.1097	3.7257	3.5564	0.2083	-4.544	0.521	-1.297	-2.874	-3.876	-5.026	-6.182	-6.980	-7.289	-0.25713054
	9.00	2.18971133	2.1064	3.7365	3.5554	0.1925	-4.571	0.518	-1.298	-2.877	-3.885	-5.049	-6.210	-7.002	-7.320	-0.25712480
	9.00	2.18974733	2.1031	3.7474	3.5543	0.1767	-4.598	0.515	-1.299	-2.879	-3.894	-5.073	-6.238	-7.023	-7.351	-0.25711909
	9.00	2.18978310	2.0996	3.7583	3.5532	0.1608	-4.626	0.513	-1.301	-2.881	-3.903	-5.096	-6.266	-7.045	-7.382	-0.25711342
	9.00	2.18981838	2.0960	3.7691	3.5522	0.1450	-4.653	0.510	-1.302	-2.884	-3.912	-5.120	-6.295	-7.066	-7.413	-0.25710783
	9.00	2.18985367	2.0922	3.7800	3.5511	0.1291	-4.680	0.508	-1.303	-2.886	-3.921	-5.144	-6.323	-7.088	-7.444	-0.25710224
	9.00	2.18988848	2.0883	3.7908	3.5501	0.1132	-4.707	0.505	-1.304	-2.888	-3.930	-5.167	-6.351	-7.109	-7.475	-0.25709672
	9.00	2.18992329	2.0843	3.8016	3.5490	0.0973	-4.734	0.502	-1.305	-2.890	-3.939	-5.191	-6.379	-7.131	-7.506	-0.25709120
	9.00	2.18995762	2.0801	3.8125	3.5479	0.0813	-4.761	0.499	-1.307	-2.893	-3.948	-5.214	-6.407	-7.152	-7.537	-0.25708576
	9.00	2.18999195	2.0757	3.8233	3.5469	0.0653	-4.788	0.497	-1.308	-2.895	-3.957	-5.238	-6.435	-7.173	-7.568	-0.25708032
	9.00	2.19002604	2.0711	3.8341	3.5458	0.0492	-4.815	0.494	-1.309	-2.897	-3.966	-5.261	-6.464	-7.195	-7.599	-0.25707492
	9.00	2.19005966	2.0664	3.8450	3.5447	0.0332	-4.842	0.491	-1.310	-2.899	-3.975	-5.285	-6.492	-7.216	-7.630	-0.25706959
	9.00	2.19009328	2.0615	3.8558	3.5437	0.0170	-4.870	0.490	-1.306	-2.896	-3.979	-5.304	-6.521	-7.238	-7.662	-0.25706426
	9.00	2.19012642	2.0565	3.8666	3.5426	0.0009	-4.896	0.495	-1.290	-2.881	-3.973	-5.314	-6.552	-7.259	-7.698	-0.25705901
	9.00	2.19015956	2.0512	3.8774	3.5415	-0.0153	-4.924	0.499	-1.274	-2.866	-3.966	-5.323	-6.583	-7.280	-7.734	-0.25705376
	9.00	2.19019246	2.0457	3.8882	3.5405	-0.0315	-4.951	0.503	-1.258	-2.850	-3.960	-5.333	-6.614	-7.302	-7.769	-0.25704855
	9.00	2.19022489	2.0400	3.8990	3.5394	-0.0478	-4.978	0.508	-1.242	-2.835	-3.954	-5.343	-6.645	-7.323	-7.805	-0.25704341
	9.00	2.19025731	2.0341	3.9098	3.5383	-0.0641	-5.005	0.512	-1.226	-2.820	-3.947	-5.352	-6.676	-7.344	-7.841	-0.25703827
	9.00	2.19028950	2.0279	3.9206	3.5373	-0.0805	-5.031	0.516	-1.210	-2.804	-3.941	-5.362	-6.707	-7.366	-7.876	-0.25703317
	9.00	2.19032145	2.0216	3.9314	3.5362	-0.0970	-5.059	0.521	-1.194	-2.789	-3.935	-5.372	-6.738	-7.387	-7.912	-0.25702811
	9.00	2.19035292	2.0150	3.9422	3.5351	-0.1134	-5.085	0.525	-1.178	-2.773	-3.928	-5.381	-6.769	-7.408	-7.948	-0.25702313
	9.00	2.19038439	2.0081	3.9530	3.5341	-0.1300	-5.112	0.530	-1.162	-2.758	-3.922	-5.391	-6.800	-7.430	-7.983	-0.25701814
	9.00	2.19041538	2.0009	3.9637	3.5330	-0.1466	-5.139	0.534	-1.145	-2.742	-3.915	-5.400	-6.831	-7.451	-8.019	-0.25701323
	9.00	2.19044638	1.9935	3.9745	3.5319	-0.1632	-5.166	0.539	-1.129	-2.727	-3.909	-5.410	-6.862	-7.472	-8.054	-0.25700832
	9.00	2.19047689	1.9857	3.9853	3.5308	-0.1800	-5.193	0.543	-1.113	-2.711	-3.902	-5.419	-6.892	-7.493	-8.090	-0.25700349
	9.00	2.19050741	1.9777	3.9960	3.5298	-0.1967	-5.220	0.548	-1.097	-2.695	-3.895	-5.429	-6.923	-7.514	-8.126	-0.25699865
	9.00	2.19053745	1.9694	4.0068	3.5287	-0.2136	-5.247	0.552	-1.080	-2.680	-3.889	-5.438	-6.954	-7.536	-8.161	-0.25699390
	9.00	2.19056726	1.9608	4.0175	3.5276	-0.2305	-5.274	0.557	-1.064	-2.664	-3.882	-5.448	-6.985	-7.557	-8.197	-0.25698918
	9.00	2.19059706	1.9518	4.0282	3.5266	-0.2476	-5.301	0.562	-1.047	-2.648	-3.875	-5.457	-7.016	-7.578	-8.232	-0.25698446
	9.00	2.19062638	1.9424	4.0390	3.5255	-0.2647	-5.327	0.567	-1.031	-2.632	-3.869	-5.466	-7.047	-7.599	-8.268	-0.25697981
	9.00	2.19065547	1.9327	4.0496	3.5244	-0.2818	-5.354	0.571	-1.014	-2.617	-3.862	-5.476	-7.078	-7.620	-8.303	-0.25697521
	9.00	2.19068456	1.9226	4.0604	3.5233	-0.2992	-5.381	0.576	-0.998	-2.601	-3.855	-5.485	-7.108	-7.641	-8.339	-0.25697060
	9.00	2.19071317	1.9122	4.0710	3.5223	-0.3165	-5.408	0.581	-0.981	-2.585	-3.848	-5.494	-7.139	-7.662	-8.374	-0.25696607
	9.00	2.19074154	1.9013	4.0817	3.5212	-0.3339	-5.434	0.586	-0.964	-2.569	-3.841	-5.503	-7.170	-7.683	-8.409	-0.25696158
	9.00	2.19076967	1.8900	4.0921	3.5201	-0.3511	-5.460	0.591	-0.948	-2.553	-3.834	-5.512	-7.200	-7.703	-8.444	-0.25695712
	9.00	2.19079757	1.8780	4.1025	3.5191	-0.3685	-5.486	0.596	-0.932	-2.537	-3.827	-5.521	-7.230	-7.724	-8.479	-0.25695271
	9.00	2.19082546	1.8618	4.1128	3.5180	-0.3868	-5.512	0.601	-0.914	-2.521	-3.820	-5.530	-7.259	-7.744	-8.513	-0.25694829
	9.00	2.19085264	1.8363	4.1229	3.5169	-0.4072	-5.537	0.608	-0.896	-2.503	-3.811	-5.537	-7.289	-7.763	-8.547	-0.25694398
	9.00	2.19087577	1.7960	4.1313	3.5160	-0.4292	-5.558	0.616	-0.878	-2.485	-3.802	-5.543	-7.313	-7.779	-8.576	-0.25694032
	9.00	2.19089746	1.7323	4.1390	3.5149	-0.4567	-5.578	0.626	-0.856	-2.464	-3.789	-5.545	-7.337	-7.793	-8.604	-0.25693689
	9.00	2.19091630	1.4895	4.1442	3.5133	-0.5339	-5.591	0.661	-0.804	-2.413	-3.752	-5.532	-7.356	-7.798	-8.630	-0.25693391
	9.00	2.19092202	0.9779	4.1413	3.5105	-0.7251	-5.583	0.738	-0.709	-2.319	-3.672	-5.493	-7.358	-7.790	-8.639	-0.25693300
	9.00	2.19092417	0.7898	4.1396	3.5091	-0.8219	-5.579	0.773	-0.672	-2.282	-3.639	-5.479	-7.358	-7.792	-8.641	-0.25693266
	9.00	2.19092441	0.7626	4.1394	3.5088	-0.8377	-5.578	0.778	-0.666	-2.277	-3.634	-5.476	-7.358	-7.792	-8.641	-0.25693262
	9.00	2.19092441	0.7598	4.1394	3.5088	-0.8394	-5.578	0.778	-0.666	-2.276	-3.633	-5.476	-7.358	-7.792	-8.641	-0.25693262
	9.00	2.19092441	0.7567	4.1394	3.5088	-0.8413	-5.578	0.779	-0.665	-2.275	-3.633	-5.476	-7.358	-7.793	-8.641	-0.25693262
	9.00	2.19092441	0.7533	4.1394	3.5087	-0.8435	-5.578	0.780	-0.664	-2.275	-3.632	-5.476	-7.358	-7.793	-8.641	-0.25693262
	9.00	2.19092441	0.7495	4.1394	3.5087	-0.8458	-5.579	0.781	-0.663	-2.274	-3.631	-5.476	-7.358	-7.793	-8.641	-0.25693262
	9.00	2.19092441	0.7452	4.1394	3.5087	-0.8485	-5.579	0.781	-0.662	-2.273	-3.630	-5.475	-7.358	-7.793	-8.642	-0.25693262
	9.00	2.19092441	0.7369	4.1394	3.5087	-0.8534	-5.579	0.782	-0.662	-2.273	-3.630	-5.475	-7.358	-7.793	-8.642	-0.25693262